%YAML:1.0
---
type: IMU
name: rimu
Gyr:
   unit: " rad/s"
   avg-axis:
      gyr_n: 1.6476881438340687e+00
      gyr_w: 2.2101580100925273e-03
   x-axis:
      gyr_n: 4.0047172865691281e-02
      gyr_w: 8.8314970146937549e-04
   y-axis:
      gyr_n: 3.9870492137704536e-02
      gyr_w: 8.9954461191854140e-04
   z-axis:
      gyr_n: 4.8631467664988106e+00
      gyr_w: 4.8477797168896648e-03
Acc:
   unit: " m/s^2"
   avg-axis:
      acc_n: 5.4032807613853002e+01
      acc_w: 1.9614730317024787e+00
   x-axis:
      acc_n: 1.0793404930665588e+01
      acc_w: 8.8307757979325974e-01
   y-axis:
      acc_n: 1.1724784267793478e+01
      acc_w: 8.7310327601481164e-01
   z-axis:
      acc_n: 1.3958023364309994e+02
      acc_w: 4.1282382392993648e+00
